0012
5959
7054
5238
5238WA
0800EA
7086
2488
7131
7120
5281
7191
9148
7146
0181
6599
5139
5185
5198
7315
7090
4952
0122
5099
5014
2682
2658
7609
5115
5116
2674
1163
1163PA
5269
1015
0159
5120
03011
1007
7031
5959
6351
7083
4758
0048
6556
9342
5568
5088
5194
5015
6432
0119
7214
7181
7007
5210
5127
1481
0068
7722
7129
4057
0105
7162
6399
0072
8176
7048
5130
7099
8885
7579
6888
5106
2305
5021
7078
03012
0098
7251
4162
5248
6602
0187
6173
5190
9814
8133
7005
5258
5258WA
0195
6998
0179
5032
3239
3395
3395WB
3395WC
5196
4219
6025
5179
1562
1899
5069
0168
9288
7036
6297
5254
5100
5932
9474
8761
9938
7221
2771
0011
7188
1818
7174
0191
7154
7128
5105
5229
5099
0163
5257
5245
2836
7076
2925
7035
2879
5195
8982
8435
03024
8044
8052
7209
7187
5738
0829EA
0829EB
5273
1929
5007
5797
7016
2828
1023
0822EA
0823EA
7117
03001
7018
5180
2852
7986
5104
5188
5071
7205
7195
2127
5136
5037
0102
8591
6718
03016
7202
5094
5214
0051
5049
9423
7157
5082
5184
7204
8125
5276
8338
0091
5141
7179
3484
0283
7119
5132
7212
0152
0131
7277
6947
0029
0400GA
0400GC
0400GB
7528
5908
3026
4456
7114
5835
5265
7169
7148
0205
7198
1619
5216
7233
3948
7165
5178
3417
0154
2097
5259
2143
3557
0059
5253
8206
5036
7471
1368
0107
0064
0065
8907
8907WC
5081
5208
7182
8877
9016
5228
0090
7217
9091
6076
7149
5056
8613
7773
1147
0190
0100
0100WB
03021
6815
7208
7094
5101
7249
5283
3689
2984
7047
5029
6041
7229
03026
0820EA
2755
5222
6939
0149
8605
3107
0150
9318
5197
0116
0157
5277
9172
7210
0128
9377
7184
3255
9261
9261WA
5398
5398WE
5398WR
5209
5226
5102
5592
0198
0078
0104
4715
2291
3182
7197
5079
0039
0021
3204
7382
5020
5220
9962
0045
1147
1147WA
0074
0828EA
7192
2135
7096
0082
5649
0056
0208
0136
7077
7022
3247
7676
1503
7668
5151
7253
3034
2062
5008
7501
5168
5187
7105
3255
5121
4324
5095
5151
3298
0175
0160
5072
5199
7136
7033
8443
5819
5274
1082
3301
0188
5169
5169WA
5165
5160
7010
7213
7213WB
5291
6238
5138
0185
5028
2739
5062
7013
5000
5024
8478
9601
4251
5084
5108
5255
9687
9687WA
0174
0023
5606
5227
5225
0401GA
3336
2216
5268
5614
7222
7243
0166
0166WA
0166WB
2607
0094
0147
6262
3379
3379WB
0192
1961
1961OR
5249
5249OR
1635
5673
5107
8834
7183
0010
0010WB
0209
9393
5175
1589
7223
0024
4723
8648
7152
0058
5161
8931
6394
9083
0146
0127
8923
6769
03003
7043
3441
7167
7167WA
7104
4383
0111
0193
8672
0170
5247
0054
7216
7182
3115
7199
7323
5122
6483
7161
9334
0143
3492
6491
8303
0151
0151WA
0036
6203
7062
0210
6246
6211
3522
5371
5171
5060
5280
9466
5235SS
5089
2445
2453
5027
7164
5035
6971
7017
7153
0002
5878
7130
5843
9121
1996
0176
3476
5038
5192
5172
4847
0180
6874
2186
6572
8362
3174
3174LA
3794
0018
1643
7006
9385
9326
8494
5789
5284
5092
9628
8079
5232
8745
7170
6633
3573
7089
2011
8486
4235
6645
0182
7126
8621
9881
7085
5068
5143
0075
9199
5078
0017
1198
0140
7617
7087
3859
8583
5264
4936
6181
1058
3514
5098
7029
0189
5236
6012
5189
1155
5077
5886
5152
5983
1171
1171OR
7189
7004
0167
03022
5182
5040
4502
5090
0081
5129
3778
1694
5223
8192
5006
5040
7234
0207
0826EA
0825EA
0827EA
6149
6114
3069
03015
3662
7595
0155
5186
5026
03005
5286
0126
5001
0112
7935
5166
7219
5576
5576WC
3816
9571
9571WD
8141
6114
8893
0085
0034
2194
0113
0103
6459
0156
6548
5237
3867
03019
5123
0070
1651
1651WA
5916
5202
5011
5150
5924
0092
0043
3883
5085
9539
5703
3891
3913
3905
5087
0138
0821EA
0824EA
03010
5275
0041
0108
0206
8923
5073
0270
9806
4707
0020
0096
7241
7060
7139
7215
0083
0083WB
0083WC
0201
0026
5047
03006
2038
5066
5025
4944
5533
0172
0049
7071
7107
5827
7140
5201
3018
9008
0035
0040
0275
4006
0079
5065
5053
0053
0153
5260
6009
7225
7052
3719
8419
5125
5022
9407
1724
5657
0022
6912
0177
5212
5041
1295
6068
5183
6254
5622
5271
5231
5133
9997
7160
7108
0047
7080
5436
8311
8311WC
5219
5219WA
5681
6033
7108
3042
8117
3611
7081
4464
7201
7095
0006
1902
7163
1945
1945WC
0171
7055
5075
9695
7172
4081
8869
1287
6637
5080
7088
8117
03007
4634
4065
7190
8273
5204
9873
7168
0123
8346
8966
5070
7145
9598
0038
0186
0007
6807
7134
7123
7237
0196
7084
7544
7498
5272
7765
9296
5256
03002
0032
0032LA
7232
0173
0200
9946
0106
0037
9954
0202
1066
5278
9741
5113
5270
7803
2542
9652
5134
8567
0183
9822
5147
9113
0133
7811
5218
4596
5252
5157
2569
5207
5170
0109
0158
7247
0161
9237
9237WB
0099
4731
7239
7158
7158WB
7045
0001
0028
2224
7073
4286
5145
5163
0178
7053
03009
9792
5250
5205
5279
7180
0055
0251
5517
4316
7412
6017
5181
7246
7136
4197
5285
5288
8532
9431
7115
5218
7155
03008
7248
9776
0203
4375
03023
7132
0117
0169
7943
5213
5242
0093
5126
5187
7103
8664
0129
5665
6084
0080
6904
7207
1201
6289
5263
5176
3743
5211
0148
7235
7106
03018
6521
5135
7186
9717
7082
1538
5173
0050
7228
4898
5012
4022
7211
5158
6139
7071
7071WB
2259
8524
5191
2429
5149
5140
4448
4448P
0211
5178
7097
4405
0132
2054
0084
7439
5289
7200
5347
7252
8702
0089
0145
9369
7034
7034LR
9075
7206
5112
7889
7374
7079
5031
7854
5239
4863
0101
8397
7218
7230
7285
7285OR
7285WA
5010
7113
03013
7173
7176
5054
0199
0118
5401
9059
5042
03020
5230
5167
4359
5111
4421
4804
6327
4537
7100
0005
5148
7133
2593
7137
7227
4588
7091
5005
5005WA
03017
5200
5110
7757
2089
5754
5292
7250
0060
5243
4995
7240
0120
0097
0069
7070
6963
0066
5162
7203
5016
5142
7226
3565
9679
9679WD
9679WE
0197
7111
7231
0162
7692
0008
0141
6378
7050
7025
5246
5009
4243
7245
5156
7121
0095
5267
5155
0165
7003
0025
5584
0086
5048
7293
7020
7014
3158
5159
7066
7178
4677
2577
6742
5109
7028
2283
5131
0259
0307
0262
